5010
730
1475
56956
6332
5740
5270
2627
170302
23414
3708
8788
1809
7482
343450
6943
11346
10752
387758
3075
23114
644150
5549
203447
54845
9077
23643
7412
1750
114132
54796
5652
151449
153562
3170
1365
22795
57111
4915
79977
2628
57535
55137
10350
8839
80031
8910
53407
92421
3216
57460
27295
140597
51361
50937
1749
395
5178
8828
57088
10231
1756
2626
2296
80114
345557
4487
7368
9122
3207
90161
283078
27303
26996
3217
83879
9061
253827
684
84336
2568
3206
800
80150
5924
6299
2824
8612
29940
828
55220
2326
85004
2099
152503
9934
147495
12
29091
151887
55026
2139
7163
10202
4629
119587
8496
11185
91624
7049
3223
100133941
79442
5350
23767
54843
5090
160518
80310
9452
2065
64321
8324
2274
2252
57619
2327
56999
78989
4072
983
83643
161291
165
5577
28959
23460
2619
26298
9590
6096
5627
116496
22941
256764
6770
25891
8436
114569
10365
284
1999
2487
55790
1001
10133
56547
776
8639
3977
3664
1893
9957
1525
84432
81849
155038
5727
7076
2122
1295
84281
72
133121
3397
316
9068
401546
10673
341640
6337
79901
1363
338811
79745
6038
167681
8395
257194
8470
5522
4311
55808
10551
10894
4488
51703
2167
1804
3213
1842
4638
1832
125
388336
222171
1191
4360
115111
8840
6876
2202
11130
4684
3983
4958
64105
890
718
5322
51473
64065
2719
6241
891
84709
22974
4246
7849
771
9315
9768
7153
1294
64094
5241
54504
3236
3290
1382
715
11065
23089
4053
3070
1124
3880
10974
5320
51203
4288
3832
633
9332
29127
9378
5166
259266
55771
7298
59350
701
10406
5997
10082
57475
4751
1063
25890
999
10205
10351
332
23493
79056
11259
10403
1300
245973
2786
1734
2729
55165
57481
51512
25802
9787
4085
9890
9615
1164
58475
56925
1894
1634
7272
85415
25925
57082
9055
79682
9833
10112
199920
7058
3161
55872
5366
56992
80144
3081
64151
3512
10647
93649
3371
23566
55107
83540
6347
54443
114907
710
5284
10578
3549
5265
6340
8842
716
4217
9582
9071
1368
79695
6652
8564
2717
744
54762
4320
1033
10370
128602
9133
148229
155465
7857
1462
5239
64067
29968
64388
51338
3624
79801
639
10468
4070
94025
5368
1116
7200
9358
79785
1908
5918
1301
2823
1672
7057
5803
1052
7103
4316
11067
2878
10457
132203
8013
6423
2920
55244
6590
5179
4929
166979
5169
10562
4257
5047
