80184
80267
51351
55285
6619
1522
80351
8148
51322
26298
27236
3696
10725
6018
5295
7163
23137
546
10111
27286
7290
8895
159
5172
23607
55320
55681
6387
11117
4001
9849
25957
3842
375248
3487
9774
23376
3320
3895
55607
79912
5756
55769
9910
51361
1040
7175
283298
10142
80321
23272
2058
7110
5608
8615
5286
4671
10516
6430
23461
1292
80258
330
80173
79740
7077
7644
4681
54629
57035
5332
10010
79782
9694
770
23086
10563
11201
54832
9988
3248
1284
23015
10207
51747
7072
4603
54103
2181
55314
6322
118987
51134
633
9252
2701
3572
53832
9652
23253
25788
112479
5887
57730
1289
9208
2182
1829
2615
284119
27122
3489
4239
5357
5157
54769
55623
79755
10402
889
6876
8204
64116
10690
165
10592
64446
5980
4646
9638
79884
688
55704
8481
10398
59
10040
1047
7070
3082
2331
80010
744
22795
960
7145
7849
5321
4053
55329
8323
51012
1525
4256
9848
1809
55973
7057
2150
7855
55259
79689
351
1894
3488
80157
25891
2326
2066
6422
4638
1958
10205
3777
11005
1580
6366
54762
4330
8942
358
5740
4499
9452
1062
5348
1264
10365
8839
25802
8876
6565
64065
11346
1805
7058
6296
7177
5549
10635
9134
2532
3620
4320
6943
8324
3854
4684
7200
2891
259266
948
6750
6699
6317
3223
6707
6519
1048
8076
4629
6318
3161
1191
3851
2354
6698
3832
7272
3779
140597
1087
3294
2568
