3224
2719
80114
5010
7345
51339
3290
57172
1295
2167
2825
3236
8324
634
10752
3162
29940
2326
3207
9955
1525
1152
9077
8840
1300
4487
1809
23643
5270
3206
5740
10468
2099
3170
25849
9037
3075
55286
57481
261729
387758
2122
92359
57535
57639
116039
64881
7412
5522
2824
8854
6096
161291
401546
2568
5652
7857
58495
1301
3223
8828
27295
23460
100133941
57619
415117
3217
8693
2628
11309
151449
1365
119587
245973
3215
165
51361
64065
51703
50801
1001
114569
26872
269
5352
7368
4053
140597
81621
730
115908
7364
9071
100130933
83643
22801
163732
286676
65987
10103
338328
10894
8788
3218
4072
54504
8612
3664
3205
3237
1749
55808
6337
84281
57537
57460
83879
9332
55365
26298
1366
64321
23242
10578
828
147495
2065
10720
256764
6833
84709
283078
654
4069
79679
1672
633
57111
80157
158158
59350
25891
80150
1573
3898
10205
167681
5648
148229
4246
29842
6943
2302
80896
440712
115701
84624
222
168002
85415
3081
55220
5169
64220
133121
11185
10647
3481
6770
2359
9245
4582
6347
2212
155465
54
114132
404552
718
11012
10309
11095
22943
6705
7849
3294
80736
4318
4311
6362
2139
5320
7780
316
8900
4250
1356
7348
3856
3512
5284
83659
10551
10437
286207
4316
8839
389816
10993
6519
6423
1496
128602
56547
399949
9956
147920
144809
335
8842
