3207
920
7145
3294
7076
4313
268
1048
6198
6347
6783
595
2597
4292
4436
2956
6615
2797
9476
3845
1019
4193
5460
4316
10403
999
898
5595
7849
3553
4072
3791
5290
7531
2247
6774
4437
1950
5395
1017
5925
3480
1000
7157
2064
1956
3484
2796
4851
472
55294
2321
3206
221895
5468
3815
54361
213
308
54765
5617
598
3479
2353
3576
794
947
836
3952
1442
23512
2146
8289
5426
5021
5518
6794
5241
3855
7490
4089
2100
1499
23264
2335
27030
60
1786
6935
2475
800
5743
7957
6277
1586
3897
5076
3725
5728
8202
4595
4318
10406
64769
6714
2516
5252
367
687
2308
7905
1543
675
6462
1045
9687
29126
728118
11200
208
1443
174
1588
6591
2852
3630
94025
596
1026
3569
925
9370
3481
2260
6597
960
7124
2099
5424
5378
3265
2263
3586
1028
5047
4311
1029
672
5295
4914
23405
3091
207
5175
3292
6352
1545
7422
4609
6928
79154
4582
